12197637386524785949728352309
9384728657893207875
12197637386524785949728352309
12197637386524785949728352309
9384728657893207875
12197637386524785949728352309
9384728657893207875
12197637386524785949728352309
9384728657893207875
12197637386524785949728352309
9384728657893207875
12197637386524785949728352309
9384728657893207875
12197637386524785949728352309
9384728657893207875
12197637386524785949728352309
9384728657893207875
12197637386524785949728352309
9384728657893207875
12197637386524785949728352309
9384728657893207875
12197637386524785949728352309
9384728657893207875
12197637386524785949728352309
9384728657893207875
